$ANSIBLE_VAULT;1.1;AES256
38326262626661336362373766376335653434663761376632353032303439653739393330333536
3031386266653935373031643964386264303435323366350a373937333661643731646132333136
37323262336635646137623834646530393437333433616664383932346438353966306233343631
3238663437323134610a366466303338346264346664626239343534346432376165656430393462
30363631333964633836303236363833316139616233396262373266626663373133343534396137
65363738623634366166373662333830613237356631623138643161666333626438393461636639
37303662393036393731636432653762393533326466313366376261363030656237373461346166
39663935343836363738303237393962353439336661616536663166623839333462333532306437
66396335373034306137386236303539643336343365346664313632633634343330663137393936
38643733303765383234393537633134393039643031363130663838333631336635316234613538
34613238303331653132613436336165613632393938333639373230633133393831303961333539
65343364386239646533343866343464346263383362336139316362376434383563636633343037
64636636383230633537366539326266663866386665383164393362323262323334393534373233
39356234373839636333363435303636636363653566623837303163356631613832636433373338
31363466316638333337336666646564643465653466326663663536353336633264323736303761
36333337633730333765643131626430363034666430383837353965616265316564373030666264
31613530303064393237366363633661626634613336646330643366613963653537633031633661
34383732656531386530356363343030653637376633353935363965333233323164353731343966
39396266373563633938353864333234626164323064653932326161373761346335356139653932
63346432633334393331353563613439373435666533353936326333373432393865663765666230
36626336306136363433386263653837626564383532323463306236306336336634313464663561
64633066633365333963633065333436633664343133626636303336303765383230366463383439
36383930386237373239323232303738656665633363623765623436313262343939306633376333
38353031636564343538313162396661396466366339393064396437653761356561353736616233
63303463623365356338323266363637303965613061636466353462643164376234363033653539
39303861313964323966386230373237326263363861643530316233633032633162633363396364
31313661613232383238323365336465656565656566306237323461613333366665313665393737
31363130363163343037373434313030376465393663343432376562323230353333363639373762
39386564653531313434346135343234396232366134653033633764303461626464336662373535
66663339303231636435363065613965343165366535373662646464303333623362396437336634
61363666323630306130313062643631363263376464353332373336306562623434356361373931
61346132343333363536343666303033333736383933343839343565616536376261393237386134
39376562383262653431353961626464323064376166656130336562633538663965313566383364
62306463356630616134663336333032653464646630353261663363633832306364306235643866
33313030663362313531396334306334643963663564353861653462646439383263383538393632
33646633376462653861326135626462396463363138336638366461663839653861353532396237
31626134333437353962323765643133303138353562383036623833653963323465636433633665
31313363643236353830666136386466393133383266363033623733386565613831643739666639
32663963653638343461326465663338366265366435383561346437333531356631376163373364
62643164646631633536663432333563366231333535643032653730653430326332343437373466
61313765663137346433393761383366663165353561353534393438646339666332623134383238
36653364383738653565346366356236396363633135373638333532373765626166333535383462
61373831303266633230356438656166303634346562353763663830326161356461393563616432
38313431393738343630313662346165353566653730663063326163663938373431333763616230
66313164373566623530393665656534616366373932653962326561386432646236643837633235
31653439373964303538363262313839323964643063646164623762383264383737333866363064
39393135356464336137646631613930306639633766653232393166353436653032653634373864
37393565653766643633623831666366326234373033383537633736643062653061646466356430
35346566343236373062383066353835353731633862366264643661313831356665313134343463
30646630633364653834356638356239613730656230643334643733366134633138363261326134
38303865656632613764383835323061613537386564636131306661333437313639656662333931
63663931653139313138623865653238313930316439396465666438353265336330613465353664
63393565323930653631306566613637356238396535383630396333343161333333663161643862
36393239313031373137313661633436643761636430303635613130353730626237616434383361
38363562343635663935633262653661393337396164336635343963386537356264666261373765
37363430363630643735346161643435633865643633343463663234343039386132663131316363
34323135376563326139326532343032333662353637633339333238656561346232656533303836
66623761616363633964373638366437383064373633356630353031393938393262646131633466
63616531313539646635393337323736663838386561363965653630336431626236323965613436
64333231316665346535376434623065646165306239343564303533656535333839333834393661
63656236373730306139653731376663386236366336623238613434323831623934363961646462
36303763336661636532313238326563626630636539633035366537303530366263353166636165
64366264646161393665303838633236326362663731393564383663363332373430366134653265
36633762663338366461613433613232623765363765616464313534646234343466313533653366
66353736356631323261323336643262373539616161633934633962343261343130313662646130
37366465373035653866363534353734373366623966626539663439306561393236623339636166
61323135636436343538323138303239653165363335663135396437313365346435313066626236
30313932323636626430646635643937623662613164643532363634393832666464366434643663
64303838633166393632396337356233343364616336363838323132346134303732616133303538
39623635626237336263643830353737643165366439656130636633313265343234663336336332
36386633636238393163616432633237363364326439386363363739666238623162373165656666
33336433323635363264616561363231623134393832383666336132376439343562333534353962
38346135653034633334376234663831633130373434316232333938336361336663666364343831
31373966653534643634613061393435333263323864386364663230666331336438613963363838
61616166306432643337623733626364656335373333616162613835306464653039343766656131
30666236346338346563633730626130376538353362346462326336626235653439666364663465
61366361663531636536633335663430393364356262663033613438363632343132383163643562
31663937633866653039346263626430363335306134623333316431633033316432613939303833
38393461343635366665373436623663616637376162336635363861303231333262623234656538
62326165373462616230376230313861643237383334363665643933306431643535343232636437
31646263356663386338313033613530613832393261313465353438656335643935643633326133
63616263303534333138353766353864616164396432303536616630306532616536616231386262
30633664353336666337646333316465383234396539366631333135373336373065323865306337
37383435303832633431643363333736323833376630396430373533393535323934333231336531
62666462656566323231353737386232366563653932616263366662353865646133323862646564
64613336613466373439316136613133316236326538366266303766666366636139613031633732
35623539623865306561633964626135353063346563646262346137656438386561623430323439
36633161643365373063666432633831663836393966613535646363323132396336323065373864
64356333643437633763653232323664636530653961663063663364306165326136353230383034
38326433626464313162383565346635616130366430396164356562356663633461623232666130
61663438636636623133663937653964363265313138393539323233343065353364306565356631
65373736336534636433653466656164323364333335353661356434646564353766623536363264
64646631383335383464363365383934316237646131323762643762303831333631653530663132
32613834373136336664303332363966316162303664653137323539346437393832613332343731
61303363313639653133366634653039313931336435353666303733376166303564623363663064
64623662336636623238333964333364363465313537623865626435343163643837383335346632
63613730643838313530326138313035613162633534653632663436326339386466343037366532
31643962656331616438383834653837343761313664636136613636316233396437393531393635
36623831643463633564346163336338353262353261356462643633343439336264303664396162
63623566333862363063663431356635646133633866653963636233306334333034323065356133
63613364316466336165373466336563343661616534616434666237376233616565393031313763
35383638623239326135663230333134306562626362613233666130313836353363623063656565
30343765383662643638313732333431643733313431646431613436636461366262643132346138
30303762386433613438336430336366633630303535333735373137343165636464353736313539
33633736386138313931643132336464616437343438623434353930303561386131313735666535
30373639313931653438616665343239343161626536393365343135383632373539626464376231
39663238383834333765306136303637336538663730623839373865343538343936353964643865
63366564663038313431626461353461346465373831656165333930316330326531313464616565
64623064326131326633356466346138646535643266626436626634643336616538343761666363
34386433623061656237666663383038656131373933343363333736303564656430633466626638
31636434613262353631306337616330316139313835363935666533646434353861663033313735
63633736616230393832323964613339666165303233373432306466363133616635366230633737
31313262343137626636666134613231653862663561323537633032396164613731333063366161
63613438613134326265643362633839313664643136333162396261613833366635646133306339
30646539386237626664386133323932363738313533383062313564376335363964323531393437
30333565396366316664613532313761626166326164636366396433373133393935643837636331
36303063626561373931323134373236333736363134336532323566643661633463626338363066
37643038656135383937353863633335653561393938356535393730383934633631616561323863
31646664666231373630643232666435346365643564343161616435383835626232343765336331
38656439393530303764343433373933633231356635346639376638303265626337363435313162
66343439306563333462616464343533373462323861646164353838306631643532656330326633
36616162333832633339356536613438616631303139643031343237646131303364363732666138
66353437393063633636633337663039393737653365653530666439633066313435653934306234
38373634633165626232393932616661366437646338313663383536303961373262393035366637
34623264663663386634646534373934653437646465383637633562363864633764323833303738
65643233363032643037633538336133313231376637333365343561353262383234356337376535
38326565396261333230393738646434393836306235383334323439336331303166323363623539
61343932323362383130376532666336343262303561316366623961396331386264633939356232
65363838363863663134653535313936353730316534613534313862333839363030656534636236
38376362336231383432633238373836376665316563623864633035663538653731326233656435
63396535356563666134326564383935623837353664343663353936633130656137363930343036
61316336393632666163623563613133346163613033616233366237386362376535396237306230
63353630663431323730623938623331363865666534326239636430633331613330343863333963
63383139613838613734313136623864383461323266303136653435663235336137646235366137
313633663664356333643263396238613933
